* Estimated atmospheric values for AGRI. Height estimate:    68.8356 +/- 0.0199 m.
* METUTIL Version 3.0  2009-08-27
* Input files: ofulla.290       zagri2.290               ZTD-file sigmas scaled by   1.0
* Yr  Doy Hr Mn Sec  Total Zen  Wet Zen  Sig Zen    PW   Sig PW (mm)  Press (hPa)  Temp (K) ZHD (mm)   Grad NS   Sig NS  Grad EW   Sig EW (mm)
 2022 290  0  0  0.    2427.60   159.30    9.60   26.37    1.59         994.60      300.70   2268.30    -11.20    17.50    -1.50    19.60
 2022 290  1  0  0.    2425.30   157.00    6.40   25.98    1.06         994.60      300.70   2268.30    -11.97    17.55    -2.18    19.62
 2022 290  2  0  0.    2425.80   157.50    6.00   26.07    0.99         994.60      300.70   2268.30    -12.75    17.60    -2.87    19.63
 2022 290  3  0  0.    2428.00   159.70    6.10   26.43    1.01         994.60      300.70   2268.30    -13.52    17.65    -3.55    19.65
 2022 290  4  0  0.    2432.60   164.30    6.80   27.19    1.13         994.60      300.70   2268.30    -14.30    17.71    -4.23    19.67
 2022 290  5  0  0.    2427.10   158.80    8.00   26.28    1.32         994.60      300.70   2268.30    -15.07    17.76    -4.92    19.68
 2022 290  6  0  0.    2422.50   154.20    6.70   25.52    1.11         994.60      300.70   2268.30    -15.85    17.81    -5.60    19.70
 2022 290  7  0  0.    2425.90   157.60    6.00   26.08    0.99         994.60      300.70   2268.30    -16.62    17.86    -6.28    19.72
 2022 290  8  0  0.    2433.40   165.10    5.70   27.33    0.94         994.60      300.70   2268.30    -17.40    17.91    -6.97    19.73
 2022 290  9  0  0.    2424.80   156.50    6.50   25.90    1.08         994.60      300.70   2268.30    -18.18    17.96    -7.65    19.75
 2022 290 10  0  0.    2420.20   151.90    6.40   25.14    1.06         994.60      300.70   2268.30    -18.95    18.01    -8.33    19.77
 2022 290 11  0  0.    2418.80   150.50    5.50   24.91    0.91         994.60      300.70   2268.30    -19.73    18.06    -9.02    19.78
 2022 290 12  0  0.    2406.20   137.90    6.90   22.82    1.14         994.60      300.70   2268.30    -20.50    18.11    -9.70    19.80
 2022 290 13  0  0.    2419.60   151.30    6.50   25.04    1.08         994.60      300.70   2268.30    -21.27    18.16   -10.38    19.82
 2022 290 14  0  0.    2416.90   148.60    6.50   24.59    1.08         994.60      300.70   2268.30    -22.05    18.21   -11.07    19.83
 2022 290 15  0  0.    2408.90   140.60   10.50   23.27    1.74         994.60      300.70   2268.30    -22.82    18.26   -11.75    19.85
 2022 290 16  0  0.    2413.50   145.20   10.80   24.03    1.79         994.60      300.70   2268.30    -23.60    18.31   -12.43    19.87
 2022 290 17  0  0.    2418.20   149.90   11.30   24.81    1.87         994.60      300.70   2268.30    -24.38    18.36   -13.12    19.88
 2022 290 18  0  0.    2406.10   137.80    7.30   22.81    1.21         994.60      300.70   2268.30    -25.15    18.41   -13.80    19.90
 2022 290 19  0  0.    2395.80   127.50    7.10   21.10    1.18         994.60      300.70   2268.30    -25.92    18.46   -14.48    19.92
 2022 290 20  0  0.    2395.50   127.20    6.50   21.05    1.08         994.60      300.70   2268.30    -26.70    18.51   -15.17    19.93
 2022 290 21  0  0.    2399.60   131.30    5.50   21.73    0.91         994.60      300.70   2268.30    -27.48    18.55   -15.85    19.95
 2022 290 22  0  0.    2398.90   130.60    6.30   21.62    1.04         994.60      300.70   2268.30    -28.25    18.60   -16.53    19.97
 2022 290 23  0  0.    2404.10   135.80    7.60   22.48    1.26         994.60      300.70   2268.30    -29.03    18.65   -17.22    19.98
 2022 291  0  0  0.    2402.70   134.40   12.20   22.24    2.02         994.60      300.70   2268.30    -29.80    18.70   -17.90    20.00
