* Estimated atmospheric values for AGRI. Height estimate:    68.8352 +/- 0.0197 m.
* METUTIL Version 3.0  2009-08-27
* Input files: ofulla.293       zagri2.293               ZTD-file sigmas scaled by   1.0
* Yr  Doy Hr Mn Sec  Total Zen  Wet Zen  Sig Zen    PW   Sig PW (mm)  Press (hPa)  Temp (K) ZHD (mm)   Grad NS   Sig NS  Grad EW   Sig EW (mm)
 2022 293  0  0  0.    2401.30   131.90    9.50   21.81    1.57         995.00      300.40   2269.40     -6.70    17.70    -3.90    19.90
 2022 293  1  0  0.    2403.60   134.20    7.10   22.19    1.17         995.00      300.40   2269.40     -6.80    17.68    -3.73    19.90
 2022 293  2  0  0.    2403.60   134.20    5.90   22.19    0.98         995.00      300.40   2269.40     -6.91    17.66    -3.57    19.89
 2022 293  3  0  0.    2412.20   142.80    5.90   23.62    0.98         995.00      300.40   2269.40     -7.01    17.64    -3.40    19.89
 2022 293  4  0  0.    2417.70   148.30    7.00   24.53    1.16         995.00      300.40   2269.40     -7.12    17.62    -3.23    19.88
 2022 293  5  0  0.    2415.60   146.20    7.40   24.18    1.22         995.00      300.40   2269.40     -7.22    17.60    -3.07    19.88
 2022 293  6  0  0.    2420.70   151.30    6.30   25.02    1.04         995.00      300.40   2269.40     -7.33    17.58    -2.90    19.88
 2022 293  7  0  0.    2425.40   156.00    5.80   25.80    0.96         995.00      300.40   2269.40     -7.43    17.56    -2.73    19.87
 2022 293  8  0  0.    2434.90   165.50    6.10   27.37    1.01         995.00      300.40   2269.40     -7.53    17.53    -2.57    19.87
 2022 293  9  0  0.    2432.90   163.50    5.70   27.04    0.94         995.00      300.40   2269.40     -7.64    17.51    -2.40    19.86
 2022 293 10  0  0.    2429.70   160.30    6.30   26.51    1.04         995.00      300.40   2269.40     -7.74    17.49    -2.23    19.86
 2022 293 11  0  0.    2430.50   161.10    5.50   26.64    0.91         995.00      300.40   2269.40     -7.85    17.47    -2.07    19.85
 2022 293 12  0  0.    2421.20   151.80    7.30   25.11    1.21         995.00      300.40   2269.40     -7.95    17.45    -1.90    19.85
 2022 293 13  0  0.    2418.70   149.30    5.90   24.69    0.98         995.00      300.40   2269.40     -8.05    17.43    -1.73    19.85
 2022 293 14  0  0.    2416.50   147.10    6.90   24.33    1.14         995.00      300.40   2269.40     -8.16    17.41    -1.57    19.84
 2022 293 15  0  0.    2412.80   143.40    7.70   23.72    1.27         995.00      300.40   2269.40     -8.26    17.39    -1.40    19.84
 2022 293 16  0  0.    2411.80   142.40    7.00   23.55    1.16         995.00      300.40   2269.40     -8.37    17.37    -1.23    19.83
 2022 293 17  0  0.    2414.20   144.80   10.10   23.95    1.67         995.00      300.40   2269.40     -8.47    17.35    -1.07    19.83
 2022 293 18  0  0.    2407.80   138.40    6.60   22.89    1.09         995.00      300.40   2269.40     -8.57    17.33    -0.90    19.83
 2022 293 19  0  0.    2404.00   134.60    6.50   22.26    1.08         995.00      300.40   2269.40     -8.68    17.31    -0.73    19.82
 2022 293 20  0  0.    2402.20   132.80    6.10   21.96    1.01         995.00      300.40   2269.40     -8.78    17.28    -0.57    19.82
 2022 293 21  0  0.    2390.80   121.40    5.30   20.08    0.88         995.00      300.40   2269.40     -8.89    17.26    -0.40    19.81
 2022 293 22  0  0.    2396.70   127.30    6.10   21.05    1.01         995.00      300.40   2269.40     -8.99    17.24    -0.23    19.81
 2022 293 23  0  0.    2399.90   130.50    6.80   21.58    1.12         995.00      300.40   2269.40     -9.10    17.22    -0.07    19.80
 2022 294  0  0  0.    2408.50   139.10   11.30   23.01    1.87         995.00      300.40   2269.40     -9.20    17.20     0.10    19.80
